x <- c(5,7,9,12,-4,8)
A <- matrix(x,2,3) 
